ds,trend,yhat_lower,yhat_upper,trend_lower,trend_upper,additive_terms,additive_terms_lower,additive_terms_upper,yearly,yearly_lower,yearly_upper,multiplicative_terms,multiplicative_terms_lower,multiplicative_terms_upper,yhat
2010-01-01,82179.625896,79540.53585320355,88608.35013709427,82179.625896,82179.625896,1743.8395919999386,1743.8395919999386,1743.8395919999386,1743.8395919999386,1743.8395919999386,1743.8395919999386,0.0,0.0,0.0,83923.46548799994
2011-01-01,84248.62783938125,81356.65159884728,89819.66930161537,84248.62783938125,84248.62783938125,1480.2952946958496,1480.2952946958496,1480.2952946958496,1480.2952946958496,1480.2952946958496,1480.2952946958496,0.0,0.0,0.0,85728.92313407711
2012-01-01,86317.62976778168,84695.55502438631,93388.42488679008,86317.62976778168,86317.62976778168,2874.2562511305177,2874.2562511305177,2874.2562511305177,2874.2562511305177,2874.2562511305177,2874.2562511305177,0.0,0.0,0.0,89191.88601891219
2013-01-01,88392.3002098808,87478.7485009595,96444.51532720096,88392.3002098808,88392.3002098808,3664.413227367689,3664.413227367689,3664.413227367689,3664.413227367689,3664.413227367689,3664.413227367689,0.0,0.0,0.0,92056.7134372485
2014-01-01,90461.30224196048,87808.82026065417,96710.54792521574,90461.30224196048,90461.30224196048,1743.8395919907346,1743.8395919907346,1743.8395919907346,1743.8395919907346,1743.8395919907346,1743.8395919907346,0.0,0.0,0.0,92205.14183395122
2015-01-01,92530.30418387328,89605.81007434442,98384.10942022325,92530.30418387328,92530.30418387328,1480.2952946944788,1480.2952946944788,1480.2952946944788,1480.2952946944788,1480.2952946944788,1480.2952946944788,0.0,0.0,0.0,94010.59947856775
2016-01-01,94601.06463605497,93128.9938226511,101832.43863566096,94601.06463605497,94601.06463605497,2874.2562511279716,2874.2562511279716,2874.2562511279716,2874.2562511279716,2874.2562511279716,2874.2562511279716,0.0,0.0,0.0,97475.32088718294
2017-01-01,96678.88632670182,96337.3399451954,104696.39023622211,96678.88632670182,96678.88632670182,3664.413227391189,3664.413227391189,3664.413227391189,3664.413227391189,3664.413227391189,3664.413227391189,0.0,0.0,0.0,100343.29955409301
2018-01-01,98752.19067150829,96229.2009006516,105083.04086323536,98752.19067150829,98752.19067150829,1743.8395919995469,1743.8395919995469,1743.8395919995469,1743.8395919995469,1743.8395919995469,1743.8395919995469,0.0,0.0,0.0,100496.03026350784
2019-01-01,100825.49499434819,98004.55430880863,106925.20664014926,100825.49499434819,100825.49499434819,1480.2952946993746,1480.2952946993746,1480.2952946993746,1480.2952946993746,1480.2952946993746,1480.2952946993746,0.0,0.0,0.0,102305.79028904757
2020-01-01,102898.79940637512,101273.13171629726,110365.00183858459,102898.79940637512,102898.79940637512,2874.256251131497,2874.256251131497,2874.256251131497,2874.256251131497,2874.256251131497,2874.256251131497,0.0,0.0,0.0,105773.05565750661
2021-01-01,104977.78410446241,104205.77349802901,113059.91464332715,104977.78410446241,104977.78410446241,3664.4132273812015,3664.4132273812015,3664.4132273812015,3664.4132273812015,3664.4132273812015,3664.4132273812015,0.0,0.0,0.0,108642.1973318436
2022-01-01,107051.08851648933,104592.17300902879,113156.23267816476,107051.08851648933,107051.08851648933,1743.8395919899513,1743.8395919899513,1743.8395919899513,1743.8395919899513,1743.8395919899513,1743.8395919899513,0.0,0.0,0.0,108794.92810847927
2022-12-31,109118.71264245591,121320.55248071837,130537.14403133541,109118.39592194528,109119.01887663253,16962.072951419555,16962.072951419555,16962.072951419555,16962.072951419555,16962.072951419555,16962.072951419555,0.0,0.0,0.0,126080.78559387547
2023-12-31,111192.01705448284,132026.7078006505,140560.80872510374,111190.97482429829,111192.98112081998,24932.390190553702,24932.390190553702,24932.390190553702,24932.390190553702,24932.390190553702,24932.390190553702,0.0,0.0,0.0,136124.40724503653
2024-12-31,113271.00175257014,114573.4664236739,123769.89796178845,113268.96373940831,113272.91568392275,5923.272606374883,5923.272606374883,5923.272606374883,5923.272606374883,5923.272606374883,5923.272606374883,0.0,0.0,0.0,119194.27435894503
2025-12-31,115344.30616459706,121429.9064569404,130227.06728800858,115341.04903237375,115347.33764542681,10621.972864768013,10621.972864768013,10621.972864768013,10621.972864768013,10621.972864768013,10621.972864768013,0.0,0.0,0.0,125966.27902936508
2026-12-31,117417.61057662398,129867.23624866053,138946.16822944902,117412.86249935043,117421.99552214427,16962.07295139919,16962.07295139919,16962.07295139919,16962.07295139919,16962.07295139919,16962.07295139919,0.0,0.0,0.0,134379.68352802316
